Year	Mean_OccupSuit	Std_error
0	0.00269542	1.57485e-07
1	0.0208895	0.000809872
2	0.0312668	0.00144595
3	0.0362534	0.00164999
4	0.0389488	0.00245605
5	0.045283	0.00345182
6	0.0473046	0.00429226
7	0.0490566	0.00436106
8	0.0509434	0.00334251
9	0.0539084	0.00462517
10	0.0586253	0.00565128
11	0.0615903	0.00531183
12	0.0641509	0.00564395
13	0.0644205	0.00602312
14	0.0668464	0.00581999
15	0.0653639	0.0057152
16	0.0671159	0.00613598
17	0.0687332	0.00602714
18	0.074124	0.00639748
19	0.0753369	0.00660988
20	0.0752022	0.00649702
21	0.0743935	0.00631109
22	0.0737197	0.00684271
23	0.0746631	0.00767445
24	0.0731806	0.00859451
25	0.0783019	0.00932736
26	0.0769542	0.0101699
27	0.0793801	0.0101102
28	0.080593	0.0110439
29	0.0787062	0.0103835
30	0.0815364	0.0122077
31	0.0816712	0.0118503
32	0.0781671	0.0106688
33	0.0781671	0.0102972
34	0.0791105	0.0102127
35	0.0807278	0.010156
36	0.080593	0.0107944
37	0.0831536	0.0109176
38	0.077628	0.0114554
39	0.0747978	0.0107915
40	0.0780323	0.0118881
41	0.0784367	0.0118972
42	0.0768194	0.0107573
43	0.0808625	0.0115568
44	0.0824798	0.0123631
45	0.0843666	0.0135431
46	0.0857143	0.0139744
47	0.087062	0.0146952
48	0.0890836	0.0148322
49	0.0878706	0.0145192
50	0.0889488	0.0157169
51	0.0865229	0.0157153
52	0.0892183	0.0151357
53	0.0871968	0.0146468
54	0.0896226	0.0154099
55	0.0892183	0.0151903
56	0.0898922	0.0150693
57	0.0902965	0.0166642
58	0.0923181	0.0167635
59	0.0923181	0.0167478
60	0.0928571	0.0167336
61	0.0923181	0.0168332
62	0.0894879	0.0161964
63	0.0908356	0.0170084
64	0.0923181	0.0165892
65	0.0873315	0.0160218
66	0.0908356	0.0168019
67	0.0907008	0.0173815
68	0.0907008	0.0174995
69	0.0901617	0.0174688
70	0.0846361	0.0158712
71	0.0878706	0.0166239
72	0.0862534	0.0165962
73	0.0845013	0.0160837
74	0.0827493	0.0165709
75	0.0819407	0.0164322
76	0.0807278	0.0156208
77	0.0814016	0.0155959
78	0.0832884	0.0167413
79	0.0827493	0.0173305
80	0.0801887	0.017625
81	0.0831536	0.0195416
82	0.082345	0.0189984
83	0.0812668	0.0183221
84	0.0801887	0.0193143
85	0.0791105	0.0181116
86	0.0812668	0.0186485
87	0.0809973	0.0184979
88	0.078841	0.0184999
89	0.0793801	0.0183247
90	0.0822102	0.0201055
91	0.0820755	0.0189346
92	0.082345	0.0196748
93	0.0811321	0.0189456
94	0.0820755	0.019686
95	0.0816712	0.0195984
96	0.0843666	0.0194288
97	0.0859838	0.0207942
98	0.0898922	0.0214329
99	0.0907008	0.0217163
100	0.0925876	0.0215718
101	0.0897574	0.021683
102	0.090027	0.0208939
103	0.0919137	0.0219214
104	0.0867925	0.0205672
105	0.0858491	0.0203093
106	0.0869272	0.0208702
107	0.0871968	0.0206591
108	0.083558	0.0203757
109	0.0818059	0.0184876
110	0.0820755	0.0195564
111	0.0815364	0.0196366
112	0.0830189	0.0185945
113	0.0839623	0.0188423
114	0.0827493	0.0175446
115	0.0845013	0.017723
116	0.0832884	0.0180912
117	0.0851752	0.0182887
118	0.0831536	0.017595
119	0.0854447	0.018225
120	0.0843666	0.0180145
121	0.08531	0.0188658
122	0.0847709	0.0186652
123	0.0838275	0.018904
124	0.0842318	0.0198248
125	0.0874663	0.0206331
126	0.0832884	0.0198304
127	0.0822102	0.0192313
128	0.0819407	0.0193232
129	0.0836927	0.0191075
130	0.0822102	0.0193172
131	0.0820755	0.0196152
132	0.0809973	0.0189261
133	0.0796496	0.0186781
134	0.0807278	0.0196912
135	0.0855795	0.0219688
136	0.0854447	0.0220659
137	0.0863881	0.0231419
138	0.0865229	0.0220051
139	0.0869272	0.0219734
140	0.0859838	0.0218033
141	0.0836927	0.0201791
142	0.0838275	0.020497
143	0.0843666	0.0211487
144	0.0854447	0.0210894
145	0.0828841	0.0214152
146	0.0828841	0.0207742
147	0.0832884	0.0211597
148	0.0824798	0.021757
149	0.083558	0.0215277
150	0.0803235	0.0204264
151	0.0757412	0.0196966
152	0.0761456	0.0203363
153	0.0747978	0.019487
154	0.0768194	0.0198499
155	0.0765499	0.0205196
156	0.0731806	0.0203282
157	0.0756065	0.0211375
158	0.0725067	0.0198853
159	0.0730458	0.0203001
160	0.0704852	0.018932
161	0.0706199	0.0194537
162	0.0733154	0.0200977
163	0.0752022	0.0210574
164	0.0735849	0.0206924
165	0.0768194	0.0216045
166	0.0737197	0.0205739
167	0.0761456	0.0211134
168	0.0791105	0.0210423
169	0.0781671	0.0234474
170	0.0793801	0.0241039
171	0.0818059	0.0240734
172	0.0854447	0.0250198
173	0.0862534	0.0245597
174	0.0824798	0.0242378
175	0.0807278	0.0240662
176	0.0824798	0.0251939
177	0.0816712	0.0254556
178	0.0828841	0.0266744
179	0.083558	0.0275159
180	0.0832884	0.0274099
181	0.0815364	0.027436
182	0.0834232	0.0274383
183	0.0867925	0.0280348
184	0.0866577	0.0278483
185	0.0866577	0.0280721
186	0.0865229	0.0275531
187	0.0876011	0.0276388
188	0.0851752	0.0275142
189	0.0836927	0.0266594
190	0.0881402	0.0288703
191	0.0858491	0.0279576
192	0.0904313	0.02932
193	0.0884097	0.0283384
194	0.0880054	0.0274336
195	0.0847709	0.0265889
196	0.0839623	0.0267845
197	0.0838275	0.0269458
198	0.0843666	0.0269131
199	0.0861186	0.0276793
200	0.0890836	0.0291245
201	0.0865229	0.027559
202	0.0874663	0.0273138
203	0.0874663	0.0266692
204	0.0909704	0.0270933
205	0.0909703	0.0270523
206	0.0894879	0.0265993
207	0.0867925	0.0254691
208	0.0897574	0.0276346
209	0.0877358	0.0255263
210	0.0881402	0.0259736
211	0.0846361	0.0247519
212	0.0869272	0.0260257
213	0.0866577	0.0265582
214	0.083558	0.0254721
215	0.0807278	0.0243853
216	0.0814016	0.0246722
217	0.0834232	0.0248525
218	0.0842318	0.0264929
219	0.0838275	0.0256819
220	0.0838275	0.0259212
221	0.0859838	0.0263521
222	0.0866577	0.0266629
223	0.0838275	0.025399
224	0.0849057	0.0264905
225	0.0866577	0.0269093
226	0.0850404	0.0274824
227	0.0832884	0.0270295
228	0.0865229	0.0280662
229	0.0859838	0.0284
230	0.0863881	0.0288138
231	0.0890836	0.0291467
232	0.0862534	0.0276403
233	0.0933962	0.0288549
234	0.090566	0.0279104
235	0.093531	0.0297408
236	0.0912399	0.029683
237	0.0867925	0.0283604
238	0.0881402	0.0288284
239	0.087062	0.027698
240	0.0858491	0.0267912
241	0.0865229	0.0278626
242	0.0873315	0.0278075
243	0.0916442	0.0289498
244	0.090027	0.0282025
245	0.0908356	0.0290091
246	0.0894879	0.0282692
247	0.0893531	0.0283254
248	0.090027	0.0280741
249	0.0892183	0.0286511
250	0.0865229	0.0278322
251	0.0869272	0.0269873
252	0.0854447	0.0261247
253	0.0839623	0.027292
254	0.0850404	0.0274001
255	0.0830189	0.0268523
256	0.082345	0.0265312
257	0.0818059	0.0271683
258	0.0812668	0.0257918
259	0.0807278	0.0253494
260	0.0784367	0.0251458
261	0.0783019	0.024763
262	0.0752022	0.0234575
263	0.0757412	0.0235408
264	0.0743935	0.0228844
265	0.0756065	0.022046
266	0.0766846	0.0225796
267	0.0753369	0.0215591
268	0.0743935	0.0216071
269	0.0747978	0.0215626
270	0.0757412	0.0218744
271	0.0780323	0.0228409
272	0.0781671	0.0235402
273	0.0781671	0.0237348
274	0.0799191	0.0243659
275	0.0818059	0.0245038
276	0.0785714	0.0237968
277	0.080593	0.0241961
278	0.0800539	0.0238901
279	0.083558	0.0246434
280	0.0827493	0.0246386
281	0.0839623	0.0255228
282	0.0843666	0.0257505
283	0.0865229	0.026739
284	0.0885445	0.0268266
285	0.0863881	0.026639
286	0.0901617	0.027615
287	0.0894879	0.0266373
288	0.0911051	0.026991
289	0.0897574	0.0268959
290	0.0893531	0.0267052
291	0.0884097	0.0268433
292	0.0913747	0.0282704
293	0.0912399	0.0285391
294	0.0866577	0.0269722
295	0.0880054	0.0272669
296	0.0878706	0.0271785
297	0.0908356	0.0293652
298	0.0880054	0.0285645
299	0.0880054	0.0280994
300	0.0912399	0.0286689
301	0.0896226	0.0284918
302	0.091779	0.0294436
303	0.0931267	0.0312576
304	0.0908356	0.0303507
305	0.0943396	0.0307305
306	0.090566	0.0296916
307	0.0923181	0.0298918
308	0.0939353	0.0298416
309	0.0936658	0.029856
310	0.0928571	0.0300495
311	0.0892183	0.0291033
312	0.0897574	0.0296007
313	0.0916442	0.030718
314	0.0924528	0.0315012
315	0.088814	0.0305834
316	0.0894879	0.0310664
317	0.093531	0.0313142
318	0.0929919	0.0309393
319	0.0928571	0.0305787
320	0.0928571	0.0305153
321	0.0960916	0.031729
322	0.0954178	0.0312991
323	0.095283	0.0305329
324	0.098248	0.031719
325	0.098248	0.0315928
326	0.0975741	0.0316769
327	0.097035	0.0316653
328	0.0948787	0.0315345
329	0.0948787	0.0313715
330	0.0977089	0.0322364
331	0.1	0.0338659
332	0.0986523	0.0335696
333	0.0987871	0.0334541
334	0.101617	0.0349708
335	0.101752	0.034509
336	0.0991914	0.0344762
337	0.098248	0.0343156
338	0.0938005	0.0323551
339	0.0962264	0.0332557
340	0.098248	0.0332164
341	0.0977089	0.0322358
342	0.0969003	0.0323783
343	0.0944744	0.0316866
344	0.0942049	0.0318397
345	0.0929919	0.0314003
346	0.0939353	0.0315216
347	0.0946092	0.0324022
348	0.0938005	0.0331037
349	0.0938005	0.0331859
350	0.0942049	0.0332359
351	0.0959569	0.0334304
352	0.0955526	0.0323216
353	0.10027	0.0344111
354	0.0994609	0.0344209
355	0.0995957	0.034853
356	0.0977089	0.0330305
357	0.0958221	0.0325369
358	0.0959569	0.0329139
359	0.0969003	0.0341493
360	0.0998652	0.0356912
361	0.0969003	0.0344289
362	0.0959569	0.0339623
363	0.0954178	0.0337799
364	0.0951482	0.033462
365	0.0974394	0.0339351
366	0.097035	0.0332835
367	0.0942049	0.0326613
368	0.095283	0.032687
369	0.0929919	0.0318515
370	0.090566	0.0308543
371	0.0913747	0.0311206
372	0.0894879	0.0301653
373	0.0828841	0.0284259
374	0.0820755	0.0283983
375	0.0814016	0.0279006
376	0.0828841	0.0289297
377	0.0838275	0.0292071
378	0.0862534	0.0300727
379	0.0850404	0.0297199
380	0.0824798	0.0289252
381	0.08531	0.0297631
382	0.0886792	0.0309522
383	0.0889488	0.0309986
384	0.0882749	0.0306261
385	0.0893531	0.0310767
386	0.0858491	0.0298268
387	0.0890836	0.0305484
388	0.0912399	0.0310961
389	0.0936658	0.0324554
390	0.0921833	0.0323869
391	0.0919137	0.0323155
392	0.0939353	0.0323725
393	0.0944744	0.0332444
394	0.0946092	0.0334974
395	0.0925876	0.0323631
396	0.090027	0.0317371
397	0.0920485	0.0320586
398	0.0943396	0.0328035
399	0.096496	0.0339447
400	0.0969003	0.0334622
401	0.0973046	0.0339789
402	0.0987871	0.0347734
403	0.0990566	0.0348141
404	0.103369	0.0357842
405	0.103235	0.0366089
406	0.102022	0.0361483
407	0.0975741	0.0352209
408	0.0966307	0.0345603
409	0.0954178	0.0344496
410	0.0958221	0.035532
411	0.0939353	0.0345906
412	0.0942049	0.034481
413	0.0979784	0.0359395
414	0.0994609	0.0364894
415	0.0944744	0.0347068
416	0.0991914	0.0367739
417	0.0991914	0.0375021
418	0.0977089	0.0356102
419	0.0967655	0.0353756
420	0.097035	0.0357813
421	0.0969003	0.0356216
422	0.0963612	0.0351021
423	0.0993261	0.0364956
424	0.101752	0.0369666
425	0.1031	0.0371409
426	0.102022	0.0360012
427	0.102022	0.0359232
428	0.103908	0.0360093
429	0.103639	0.0352205
430	0.10593	0.0361774
431	0.104582	0.0352364
432	0.103908	0.0344798
433	0.0987871	0.0329325
434	0.0974394	0.0324453
435	0.100539	0.0332266
436	0.0991914	0.0330903
437	0.0991914	0.0337419
438	0.1031	0.0352439
439	0.0998652	0.034193
440	0.105256	0.0359285
441	0.107008	0.0370391
442	0.10876	0.0373121
443	0.111186	0.0382591
444	0.107278	0.0376814
445	0.113073	0.0401374
446	0.109164	0.0388469
447	0.109299	0.0388383
448	0.110647	0.0393734
449	0.110243	0.0391696
450	0.112938	0.0399885
451	0.113747	0.0403509
452	0.112938	0.0399749
453	0.11159	0.0395572
454	0.10903	0.0394078
455	0.113881	0.0412404
456	0.111321	0.0400346
457	0.110782	0.0396199
458	0.108221	0.0386641
459	0.107008	0.0376256
460	0.104852	0.036491
461	0.103774	0.0359782
462	0.107547	0.0381279
463	0.108625	0.038876
464	0.107682	0.0380922
465	0.112803	0.0402286
466	0.115094	0.0412467
467	0.110647	0.0390104
468	0.108221	0.0386683
469	0.109973	0.0397147
470	0.109973	0.0401916
471	0.109299	0.0399196
472	0.109434	0.0412436
473	0.110647	0.0406818
474	0.109299	0.039865
475	0.109569	0.0394188
476	0.111456	0.039882
477	0.10876	0.0394152
478	0.105795	0.0381641
479	0.106739	0.0385139
480	0.108895	0.0389013
481	0.109704	0.0398861
482	0.105526	0.037971
483	0.105526	0.0378384
484	0.109569	0.0398384
485	0.109299	0.040343
486	0.108356	0.0399917
487	0.108491	0.0404139
488	0.11442	0.042983
489	0.111051	0.0419396
490	0.112803	0.0432309
491	0.113342	0.0429943
492	0.112938	0.0442705
493	0.109299	0.0425602
494	0.110782	0.0438317
495	0.11159	0.0439204
496	0.11469	0.0458822
497	0.11186	0.0460882
498	0.118598	0.0488173
499	0.114825	0.0467887
500	0.116577	0.0473846
501	0.114555	0.0468396
502	0.110377	0.0459771
503	0.108086	0.0450232
504	0.109569	0.0468702
505	0.106739	0.0456437
506	0.106739	0.0464154
507	0.111321	0.0476056
508	0.107951	0.0461405
509	0.10876	0.0456629
510	0.107278	0.0458878
511	0.106604	0.0447857
512	0.103504	0.0436845
513	0.102561	0.0436432
514	0.103774	0.0443654
515	0.102156	0.043574
516	0.10027	0.0430439
517	0.0995957	0.0427769
518	0.0997305	0.0436106
519	0.0979784	0.0435231
520	0.0994609	0.0439998
521	0.102022	0.0441812
522	0.102022	0.0446108
523	0.10027	0.0448063
524	0.0981132	0.0444325
525	0.0969003	0.043749
526	0.0928571	0.0445444
527	0.0973046	0.0458357
528	0.0960916	0.0456067
529	0.0991914	0.0465675
530	0.0981132	0.0471881
531	0.0989218	0.046785
532	0.0978437	0.0463028
533	0.100809	0.0474496
534	0.0990566	0.0458926
535	0.0978437	0.0459655
536	0.0960916	0.0464976
537	0.0947439	0.0456116
538	0.0960916	0.0466899
539	0.097035	0.0471471
540	0.100674	0.0490709
541	0.0971698	0.0477737
542	0.100404	0.0490669
543	0.0959569	0.0476173
544	0.0958221	0.0460705
545	0.0974394	0.0476932
546	0.0990566	0.0478732
547	0.0994609	0.0471273
548	0.100539	0.0478145
549	0.101887	0.0486592
550	0.10903	0.0524747
551	0.107951	0.0518705
552	0.10283	0.0489606
553	0.106334	0.0511433
554	0.104313	0.0516341
555	0.105121	0.0522101
556	0.110377	0.0549133
557	0.108895	0.0536749
558	0.112264	0.0555682
559	0.115094	0.057617
560	0.111186	0.0564296
561	0.108086	0.0551214
562	0.107547	0.05493
563	0.10566	0.054108
564	0.107008	0.0542179
565	0.104447	0.0532
566	0.105256	0.0542165
567	0.107008	0.0546845
568	0.106604	0.0538385
569	0.105795	0.0542994
570	0.106065	0.0541199
571	0.103504	0.0521106
572	0.102965	0.051722
573	0.103774	0.0522495
574	0.102965	0.0522252
575	0.102291	0.0518744
576	0.10283	0.0519831
577	0.100674	0.0500624
578	0.0978437	0.0481728
579	0.0979784	0.0482251
580	0.0990566	0.0491704
581	0.101887	0.0509657
582	0.0991914	0.0498839
583	0.0967655	0.0490778
584	0.095283	0.0484905
585	0.0990566	0.049667
586	0.0991914	0.0496694
587	0.0995957	0.0491869
588	0.0995957	0.0481892
589	0.100809	0.0502433
590	0.100135	0.0498183
591	0.0995957	0.0494329
592	0.0947439	0.0476593
593	0.0955526	0.0480664
594	0.0959569	0.0469871
595	0.0944744	0.0462968
596	0.0933962	0.046521
597	0.0940701	0.04587
598	0.0942049	0.0468166
599	0.0962264	0.0473113
600	0.0946092	0.047239
601	0.0956873	0.0470717
602	0.0890836	0.0436243
603	0.0929919	0.0462386
604	0.0948787	0.0473339
605	0.0933962	0.0452838
606	0.0940701	0.0457581
607	0.0924528	0.0447486
608	0.0907008	0.0430967
609	0.0876011	0.0413888
610	0.0894879	0.0435028
611	0.0920485	0.0449614
612	0.0898922	0.0450587
613	0.090566	0.0452017
614	0.0890836	0.0452385
615	0.0889488	0.0458371
616	0.0892183	0.0458907
617	0.0892183	0.0469235
618	0.0915094	0.0485248
619	0.0896226	0.0482
620	0.0944744	0.0513579
621	0.0956873	0.0519213
622	0.0938005	0.0490093
623	0.0960916	0.0493486
624	0.0950135	0.0488662
625	0.0985175	0.0510979
626	0.0954178	0.049908
627	0.0954178	0.049662
628	0.0907008	0.0475283
629	0.0925876	0.0469068
630	0.0956873	0.0484851
631	0.0942049	0.0478058
632	0.0929919	0.0479388
633	0.0915094	0.0465728
634	0.0894879	0.0451066
635	0.0969003	0.0498379
636	0.0998652	0.0503616
637	0.0997305	0.0502024
638	0.0975741	0.0485858
639	0.091779	0.045894
640	0.0933962	0.0466813
641	0.0904313	0.0463352
642	0.0889488	0.0457247
643	0.0889488	0.0451522
644	0.0898922	0.0459707
645	0.0873315	0.0440842
646	0.0904313	0.0458588
647	0.0869272	0.0435871
648	0.0871968	0.0431566
649	0.0873315	0.0435026
650	0.0849057	0.042596
651	0.0861186	0.0426762
652	0.0861186	0.0426521
653	0.0863881	0.043923
654	0.0911051	0.0460638
655	0.0919137	0.0474755
656	0.0863881	0.0459336
657	0.0886792	0.046877
658	0.0866577	0.0459852
659	0.0871968	0.0455779
660	0.0878706	0.0460321
661	0.0904313	0.0465516
662	0.0927224	0.0469192
663	0.0913747	0.0465244
664	0.0924528	0.0486244
665	0.0897574	0.0467189
666	0.0881402	0.0461474
667	0.0871968	0.0455305
668	0.0851752	0.0446274
669	0.0846361	0.045003
670	0.0827493	0.0438944
671	0.0818059	0.0441081
672	0.0815364	0.04468
673	0.0816712	0.0444854
674	0.082345	0.0439804
675	0.0801887	0.0436931
676	0.0765499	0.0412167
677	0.0811321	0.0433376
678	0.0793801	0.0431082
679	0.0796496	0.0437702
680	0.0807278	0.043677
681	0.0793801	0.0420075
682	0.0818059	0.043166
683	0.0761456	0.0414352
684	0.0772237	0.0428799
685	0.0773585	0.0436205
686	0.0769542	0.0436788
687	0.0800539	0.0454423
688	0.0820755	0.0464722
689	0.080593	0.0456707
690	0.078841	0.0444445
691	0.0777628	0.0442784
692	0.0783019	0.0444528
693	0.0785714	0.0433614
694	0.0781671	0.0437377
695	0.0785714	0.0435509
696	0.0791105	0.0434893
697	0.080593	0.0443015
698	0.0801887	0.0435023
699	0.0819407	0.0449334
700	0.0824798	0.0461997
701	0.0789757	0.0446448
702	0.075876	0.0425818
703	0.0760108	0.042214
704	0.0750674	0.0421378
705	0.0739892	0.0409468
706	0.0765499	0.0428826
707	0.0752022	0.0417276
708	0.0714286	0.040102
709	0.0719677	0.04063
710	0.0712938	0.0403305
711	0.0710243	0.0404148
712	0.0698113	0.0384845
713	0.0681941	0.0367113
714	0.0699461	0.0378253
715	0.069407	0.0377215
716	0.0703504	0.0384536
717	0.0699461	0.0379882
718	0.071159	0.038517
719	0.0691375	0.0362587
720	0.069407	0.0366442
721	0.0690027	0.0365607
722	0.069407	0.0362633
723	0.0714286	0.0366143
724	0.0725067	0.0379533
725	0.067655	0.0353562
726	0.0725067	0.0378511
727	0.0735849	0.0386099
728	0.0714286	0.0374012
729	0.0726415	0.0379068
730	0.074124	0.0377733
731	0.0725067	0.0375895
732	0.0718329	0.0360427
733	0.0734501	0.0369185
734	0.0725067	0.0376854
735	0.0700809	0.0362826
736	0.0702156	0.0362673
737	0.0702156	0.036768
738	0.0731806	0.0377289
739	0.0687332	0.0361036
740	0.0703504	0.0365838
741	0.0700809	0.0360863
742	0.0719677	0.0380125
743	0.0742588	0.0378232
744	0.0742588	0.0377206
745	0.0708895	0.0367887
746	0.0747978	0.0383513
747	0.0742588	0.0386497
748	0.0743935	0.0397541
749	0.0729111	0.0399737
750	0.0730458	0.0399339
751	0.0749326	0.0404084
752	0.0734501	0.039832
753	0.0749326	0.0404563
754	0.0742588	0.0401304
755	0.0760108	0.0403804
756	0.0753369	0.0400921
757	0.0773585	0.0412795
758	0.0774933	0.0419445
759	0.0781671	0.0426954
760	0.0795148	0.0426065
761	0.0784367	0.0424982
762	0.0752022	0.0411236
763	0.0746631	0.0412135
764	0.0738544	0.041201
765	0.0719677	0.0388101
766	0.072372	0.0392053
767	0.0722372	0.0393456
768	0.0731806	0.0404033
769	0.0731806	0.0397598
770	0.0734501	0.0395783
771	0.0745283	0.0411659
772	0.0770889	0.0429127
773	0.0738544	0.04127
774	0.0768194	0.0430803
775	0.0750674	0.0417635
776	0.0730458	0.0399986
777	0.0753369	0.0418236
778	0.0747978	0.041837
779	0.0777628	0.0438488
780	0.0778976	0.0429686
781	0.0819407	0.0451431
782	0.0836927	0.0461501
783	0.0858491	0.0471583
784	0.0859838	0.0479358
785	0.0816712	0.0465879
786	0.0792453	0.0457202
787	0.0796496	0.0459389
788	0.0812668	0.0466726
789	0.0804582	0.0464155
790	0.0791105	0.0462714
791	0.0807278	0.0474809
792	0.0760108	0.0453783
793	0.072372	0.0431739
794	0.0750674	0.0440715
795	0.0762803	0.044974
796	0.0793801	0.0472021
797	0.0783019	0.0458399
798	0.0809973	0.0469556
799	0.0781671	0.0457538
800	0.0766846	0.0446706
801	0.0774933	0.0458037
802	0.0795148	0.0466306
803	0.0792453	0.0461442
804	0.0811321	0.0469691
805	0.0819407	0.0471873
806	0.0814016	0.046909
807	0.0780323	0.0456361
808	0.0784367	0.0460658
809	0.0745283	0.044609
810	0.0760108	0.0457742
811	0.0761456	0.0454014
812	0.0745283	0.0445039
813	0.0784367	0.0463932
814	0.0765499	0.0449738
815	0.0773585	0.0451518
816	0.0777628	0.0455394
817	0.0778976	0.0461446
818	0.0772237	0.045871
819	0.0799191	0.0480746
820	0.0816712	0.0495201
821	0.0812668	0.0492884
822	0.0836927	0.0495357
823	0.0855795	0.0503146
824	0.0838275	0.0479926
825	0.082345	0.0481369
826	0.0819407	0.0482329
827	0.0793801	0.0465047
828	0.0784367	0.0459197
829	0.0804582	0.0466566
830	0.0816712	0.0464829
831	0.0818059	0.0473398
832	0.0828841	0.0481498
833	0.0792453	0.0461918
834	0.0807278	0.0472973
835	0.0815364	0.0475886
836	0.0842318	0.0491125
837	0.0832884	0.0489724
838	0.0830189	0.0472131
839	0.0855795	0.0482553
840	0.0796496	0.0453299
841	0.0778976	0.0449752
842	0.0778976	0.0451936
843	0.0773585	0.0444758
844	0.0769542	0.0441064
845	0.0753369	0.0435947
846	0.0745283	0.0439178
847	0.0738544	0.0439103
848	0.0719677	0.0423919
849	0.0721024	0.0425796
850	0.0704852	0.0423175
851	0.0716981	0.0427529
852	0.0738544	0.0438818
853	0.0703504	0.0421434
854	0.0708895	0.0429678
855	0.0704852	0.0423833
856	0.069407	0.0414284
857	0.0712938	0.0425152
858	0.0726415	0.0438522
859	0.0738544	0.0445292
860	0.0773585	0.0461679
861	0.0764151	0.0453609
862	0.0733154	0.0434605
863	0.0734501	0.0432889
864	0.0754717	0.0449043
865	0.0743935	0.0432229
866	0.0777628	0.0454249
867	0.0772237	0.0445216
868	0.0783019	0.0441526
869	0.0773585	0.043853
870	0.0761456	0.0426894
871	0.0769542	0.0431363
872	0.075876	0.0422235
873	0.0742588	0.0417918
874	0.0735849	0.0413005
875	0.0737197	0.0399735
876	0.0710243	0.0399462
877	0.0702156	0.0399555
878	0.0721024	0.0402056
879	0.0721024	0.0409137
880	0.0737197	0.0422612
881	0.0745283	0.0431262
882	0.0726415	0.0419147
883	0.0704852	0.0415936
884	0.0677898	0.0401774
885	0.0692722	0.0411669
886	0.0714286	0.0426448
887	0.0733154	0.0449183
888	0.071159	0.04388
889	0.0715633	0.0456184
890	0.0704852	0.0449021
891	0.0698113	0.0451606
892	0.0683288	0.0443868
893	0.0702156	0.0453571
894	0.0703504	0.0448808
895	0.0700809	0.0449923
896	0.0707547	0.0440156
897	0.0677898	0.0421862
898	0.0699461	0.0430857
899	0.0706199	0.0441945
900	0.071159	0.0448228
901	0.071159	0.0447498
902	0.0716981	0.0457797
903	0.0716981	0.0454878
904	0.0707547	0.0440926
905	0.071159	0.0439865
906	0.0706199	0.0445674
907	0.0695418	0.0434132
908	0.0696765	0.0432566
909	0.0699461	0.0449633
910	0.069407	0.0438125
911	0.0700809	0.0434915
912	0.0684636	0.0424269
913	0.0661725	0.0418921
914	0.0654987	0.0401393
915	0.0656334	0.04069
916	0.0638814	0.039763
917	0.0656334	0.041131
918	0.0660377	0.0407059
919	0.066442	0.0409397
920	0.0673854	0.0419919
921	0.0669811	0.0425738
922	0.067655	0.0424365
923	0.0690027	0.0421602
924	0.0663073	0.0402526
925	0.0681941	0.0420151
926	0.0661725	0.0406317
927	0.0650943	0.0402988
928	0.0657682	0.0406134
929	0.0688679	0.0409483
930	0.0715633	0.0431849
931	0.0708895	0.0421733
932	0.0688679	0.0418448
933	0.0672507	0.0408852
934	0.0665768	0.0408895
935	0.0673854	0.0417021
936	0.0650943	0.0410869
937	0.0652291	0.0416392
938	0.0667116	0.0413245
939	0.0650943	0.0392464
940	0.0681941	0.0421264
941	0.0680593	0.04181
942	0.0685984	0.0416897
943	0.0684636	0.0408384
944	0.0654987	0.0388449
945	0.0650943	0.0380448
946	0.0667116	0.0383671
947	0.0685984	0.0387451
948	0.0663073	0.0376763
949	0.0668464	0.0374347
950	0.0654987	0.0372326
951	0.0644205	0.036019
952	0.0633423	0.0363765
953	0.0644205	0.0362279
954	0.0636119	0.0365165
955	0.0617251	0.0349682
956	0.059973	0.0345604
957	0.0607817	0.0344025
958	0.0586253	0.0342819
959	0.0578167	0.033627
960	0.0568733	0.0324775
961	0.0541779	0.0310687
962	0.052965	0.0300062
963	0.0521563	0.029759
964	0.0544474	0.0303839
965	0.0540431	0.0302309
966	0.0536388	0.0297236
967	0.053504	0.0305071
968	0.0530997	0.0304138
969	0.0506739	0.0288941
970	0.0497305	0.0284452
971	0.0493261	0.0284974
972	0.0481132	0.028609
973	0.0466307	0.0281045
974	0.0486523	0.0295572
975	0.0477089	0.0292254
976	0.0477089	0.0289164
977	0.0481132	0.0292453
978	0.0486523	0.029995
979	0.0481132	0.0303107
980	0.0466307	0.0295632
981	0.0469003	0.0293127
982	0.0501348	0.0315182
983	0.0491914	0.0304291
984	0.0474394	0.0293519
985	0.0478437	0.0294092
986	0.047035	0.028846
987	0.0473046	0.0291502
988	0.0478437	0.0291604
989	0.0471698	0.0291256
990	0.0467655	0.028768
991	0.0491914	0.0295461
992	0.0485175	0.0285023
993	0.0471698	0.0275964
994	0.0490566	0.0287218
995	0.0483827	0.0285351
996	0.0485175	0.0287378
997	0.0489218	0.0283867
998	0.0498652	0.0288198
999	0.0491914	0.0284925
1000	0.0521563	0.0299752
