Year	Mean_OccupSuit	Std_error
0	5.65899e-05	6.28466e-10
1	0.000301624	1.15739e-05
2	0.000443099	1.4163e-05
3	0.000552883	1.57176e-05
4	0.000625318	1.655e-05
5	0.000712467	1.98671e-05
6	0.000776413	2.3396e-05
7	0.000809801	2.37066e-05
8	0.000855639	2.35504e-05
9	0.000886198	2.44658e-05
10	0.000934299	2.69481e-05
11	0.00097278	2.95717e-05
12	0.000992587	3.12287e-05
13	0.00100843	3.14656e-05
14	0.00104522	3.22281e-05
15	0.00108313	3.20527e-05
16	0.00110463	3.65284e-05
17	0.00113067	3.9576e-05
18	0.00115104	3.80189e-05
19	0.00116349	4.13534e-05
20	0.00114595	4.15878e-05
21	0.001155	4.4239e-05
22	0.00118443	4.92831e-05
23	0.00121781	5.2765e-05
24	0.00119914	5.27173e-05
25	0.00120084	5.40915e-05
26	0.00122461	5.49397e-05
27	0.0012297	5.48769e-05
28	0.00123706	5.49309e-05
29	0.00124554	5.67012e-05
30	0.00124215	5.75331e-05
31	0.00125347	6.13637e-05
32	0.00123309	6.42173e-05
33	0.00119744	5.93014e-05
34	0.00118612	5.99481e-05
35	0.00119574	6.20415e-05
36	0.00120197	6.33033e-05
37	0.00122347	6.78544e-05
38	0.00126139	7.07781e-05
39	0.00127497	7.04123e-05
40	0.00124781	7.02832e-05
41	0.0012495	6.92833e-05
42	0.00126139	6.9146e-05
43	0.00128063	7.19043e-05
44	0.00128176	7.3377e-05
45	0.00126195	7.15428e-05
46	0.0012761	7.43405e-05
47	0.00126082	7.31284e-05
48	0.0012512	7.30833e-05
49	0.00125686	7.48389e-05
50	0.0012495	7.54046e-05
51	0.00125177	7.64679e-05
52	0.0012495	7.50822e-05
53	0.00122857	7.51021e-05
54	0.00123083	7.58354e-05
55	0.00119574	7.31265e-05
56	0.00119574	7.50433e-05
57	0.00120084	7.97856e-05
58	0.00118952	8.07384e-05
59	0.00118612	8.1054e-05
60	0.00120933	8.16613e-05
61	0.00119744	8.1352e-05
62	0.00116971	8.19949e-05
63	0.00115896	8.29419e-05
64	0.00116858	8.19646e-05
65	0.00114368	8.14258e-05
66	0.00115557	8.47081e-05
67	0.0011516	8.3714e-05
68	0.00114934	8.35218e-05
69	0.00111878	8.1269e-05
70	0.00111312	8.12738e-05
71	0.00111425	8.36031e-05
72	0.00113236	8.45871e-05
73	0.00112614	8.5174e-05
74	0.00112784	8.7081e-05
75	0.00111652	8.81465e-05
76	0.00112218	8.96067e-05
77	0.00112218	9.28407e-05
78	0.00112161	9.40396e-05
79	0.00113519	9.41923e-05
80	0.00113236	9.65117e-05
81	0.00113633	9.6358e-05
82	0.00114481	9.86772e-05
83	0.00116802	0.000105437
84	0.0011516	0.000103072
85	0.00115104	0.00010336
86	0.00117198	0.000106435
87	0.00116802	0.000107803
88	0.0011567	0.00010659
89	0.00118386	0.000109448
90	0.00119065	0.000108095
91	0.00117764	0.000106978
92	0.00116405	0.000105614
93	0.00116688	0.000105958
94	0.00115783	0.000105712
95	0.00114595	0.000102133
96	0.00117028	0.000104113
97	0.00114934	0.000105719
98	0.00114312	0.000104204
99	0.00114708	0.000105842
100	0.00115387	0.000107501
101	0.00113236	0.000104137
102	0.0011567	0.000106283
103	0.00116122	0.000108709
104	0.00114764	0.000105907
105	0.00116915	0.000105761
106	0.00116462	0.000105828
107	0.0011816	0.000110303
108	0.00114538	0.000106668
109	0.00114991	0.000109841
110	0.0011284	0.000109964
111	0.00113463	0.000109314
112	0.00113406	0.000108879
113	0.00109841	0.00010413
114	0.00110237	0.000104481
115	0.00110294	0.00010715
116	0.00111029	0.000109926
117	0.00112274	0.000111143
118	0.00109105	0.000111109
119	0.00111086	0.000113376
120	0.00107691	0.000109975
121	0.00108539	0.000112066
122	0.00108992	0.000112237
123	0.00110577	0.000115767
124	0.00110577	0.000117417
125	0.00108426	0.000114887
126	0.00111029	0.000122456
127	0.00110124	0.000123067
128	0.00110011	0.00012414
129	0.00108709	0.000119601
130	0.00106955	0.000119536
131	0.00107634	0.000118338
132	0.0011052	0.000123358
133	0.00108879	0.000124215
134	0.00110237	0.000125771
135	0.00110746	0.000127357
136	0.00108426	0.000125643
137	0.00109671	0.000127173
138	0.00108596	0.000126898
139	0.00108653	0.000128449
140	0.00109954	0.000128453
141	0.00107747	0.000123778
142	0.00106106	0.000125763
143	0.00104012	0.00012486
144	0.00103503	0.000122024
145	0.00103163	0.000123538
146	0.00105144	0.000126795
147	0.00103673	0.000125114
148	0.00105257	0.000127263
149	0.0010305	0.000124875
150	0.00100617	0.000121517
151	0.00101805	0.000122427
152	0.000999378	0.000118958
153	0.000986928	0.000118549
154	0.000997114	0.000121948
155	0.00099485	0.000118235
156	0.00100504	0.00011967
157	0.000990889	0.000120122
158	0.000981835	0.000118383
159	0.000982966	0.000121336
160	0.000986362	0.000122418
161	0.000956935	0.000118306
162	0.00095354	0.000119189
163	0.000954671	0.000122353
164	0.000949013	0.000117564
165	0.000933733	0.00011982
166	0.000951842	0.000123821
167	0.000955237	0.000118303
168	0.000939392	0.000118111
169	0.000928074	0.000123213
170	0.000907702	0.000119899
171	0.000920718	0.000123718
172	0.000913927	0.000123565
173	0.000939392	0.000126766
174	0.000938826	0.000128066
175	0.000933733	0.000124481
176	0.000927508	0.000123307
177	0.000920718	0.000122097
178	0.000937129	0.000123166
179	0.000935431	0.000124888
180	0.000933733	0.000122749
181	0.000926377	0.000125524
182	0.000942222	0.000126509
183	0.000954671	0.000128214
184	0.000928074	0.000125381
185	0.00093826	0.000127644
186	0.000939392	0.00012759
187	0.000935431	0.000125111
188	0.000954106	0.000122984
189	0.000952408	0.00012285
190	0.000941656	0.000126673
191	0.000941656	0.000125653
192	0.000945617	0.000123649
193	0.000921283	0.000122285
194	0.000895818	0.000122613
195	0.000890159	0.000124832
196	0.000912795	0.00013421
197	0.000904872	0.000129169
198	0.000912795	0.00013133
199	0.000895818	0.000130587
200	0.000898082	0.000132341
201	0.000904306	0.000133832
202	0.000896384	0.000132636
203	0.000890725	0.000134282
204	0.000877143	0.000130345
205	0.000863562	0.000132272
206	0.000859035	0.000134257
207	0.000862996	0.000134455
208	0.000860166	0.000134201
209	0.000882236	0.000140699
210	0.000864694	0.000139783
211	0.000881105	0.00013861
212	0.000879407	0.000145628
213	0.000864694	0.000146879
214	0.000874314	0.000150297
215	0.000888461	0.000149458
216	0.000900345	0.000147991
217	0.000882236	0.000145816
218	0.00087488	0.000143846
219	0.000873182	0.000146903
220	0.000855639	0.00014305
221	0.000864128	0.000141656
222	0.000865825	0.000141264
223	0.000898648	0.000147082
224	0.00089695	0.000146637
225	0.00090657	0.000150962
226	0.000895252	0.000148053
227	0.000903741	0.000147267
228	0.000876012	0.0001415
229	0.000860732	0.000138124
230	0.000871484	0.000142472
231	0.000885632	0.000143731
232	0.00089695	0.000145619
233	0.000887895	0.000145197
234	0.000879407	0.000146387
235	0.000892423	0.000147903
236	0.000878275	0.000141374
237	0.000898648	0.000144199
238	0.000878841	0.000142937
239	0.000882802	0.000141501
240	0.000874314	0.000141337
241	0.000898082	0.00014575
242	0.000857903	0.000136897
243	0.000847151	0.000134626
244	0.000852244	0.000139224
245	0.000860732	0.000135947
246	0.000849414	0.000136067
247	0.000853941	0.000136201
248	0.000861298	0.000140108
249	0.000860166	0.000143697
250	0.000871484	0.000147901
251	0.000853376	0.000146926
252	0.000839228	0.000147393
253	0.000855639	0.000146773
254	0.000851678	0.000144975
255	0.000848848	0.000138357
256	0.000851678	0.000141454
257	0.000832437	0.000136306
258	0.000835267	0.000137504
259	0.000833003	0.000140832
260	0.000821119	0.000142225
261	0.00080584	0.000137793
262	0.00080584	0.000136865
263	0.000799049	0.00013031
264	0.000806406	0.000130137
265	0.00079622	0.000126795
266	0.000795654	0.00012945
267	0.000791127	0.000126447
268	0.000807538	0.000129769
269	0.000797352	0.000127626
270	0.000776979	0.000125205
271	0.000766793	0.00012357
272	0.00077132	0.000129349
273	0.000770754	0.000126776
274	0.000772452	0.000123625
275	0.000768491	0.000125672
276	0.000739064	0.000119478
277	0.000748684	0.000121834
278	0.000753211	0.000124681
279	0.000775282	0.000128956
280	0.000776413	0.000130993
281	0.000744157	0.000127393
282	0.000746421	0.000129804
283	0.000735103	0.000127918
284	0.000735103	0.000125436
285	0.000730576	0.000129178
286	0.000740762	0.000130128
287	0.00073963	0.000133573
288	0.000736235	0.000131507
289	0.000750948	0.000135164
290	0.00073963	0.00013184
291	0.000761134	0.000136432
292	0.000727746	0.000131842
293	0.000737366	0.000133113
294	0.000744723	0.000130765
295	0.000737932	0.000134032
296	0.000731707	0.00013744
297	0.000746987	0.000139031
298	0.000735669	0.000135811
299	0.00070511	0.000128825
300	0.000713033	0.000130208
301	0.000718126	0.000132395
302	0.000708505	0.00013734
303	0.000685869	0.000131413
304	0.000671722	0.00013071
305	0.000679645	0.000137737
306	0.000682474	0.00013809
307	0.000671156	0.00013154
308	0.000679645	0.000134791
309	0.000670024	0.000133662
310	0.00065135	0.000133511
311	0.000643427	0.000132451
312	0.000654745	0.000133791
313	0.000642295	0.000130922
314	0.000644559	0.000131663
315	0.000640032	0.000130299
316	0.000650784	0.000133397
317	0.000642861	0.000129347
318	0.000633807	0.000128429
319	0.000657575	0.00013524
320	0.000650218	0.000131743
321	0.000664365	0.000132921
322	0.000666063	0.000134282
323	0.000659838	0.000132161
324	0.000664931	0.000132061
325	0.000655311	0.000132594
326	0.000671156	0.000137197
327	0.000635505	0.000134699
328	0.000621923	0.000134676
329	0.000620225	0.000132158
330	0.000611171	0.0001293
331	0.000603814	0.000127671
332	0.00059193	0.000126849
333	0.000609473	0.000126799
334	0.000601551	0.000123945
335	0.000620225	0.000127407
336	0.000601551	0.000122831
337	0.000584574	0.000119921
338	0.000589667	0.000119433
339	0.000591364	0.000121063
340	0.000596457	0.000120221
341	0.000608341	0.000122196
342	0.000586837	0.000118102
343	0.00060438	0.000123378
344	0.000615698	0.000127185
345	0.000615132	0.000127366
346	0.000618528	0.00012842
347	0.000593628	0.000124361
348	0.000574387	0.000122003
349	0.000577783	0.000123581
350	0.000576085	0.000124228
351	0.000587403	0.000127623
352	0.000573822	0.000123318
353	0.000583442	0.000126699
354	0.000585139	0.000129466
355	0.00056986	0.000125647
356	0.000588535	0.000131259
357	0.000590233	0.000133328
358	0.000584574	0.00013242
359	0.000582876	0.000134662
360	0.000568163	0.000131631
361	0.000567031	0.000128374
362	0.00056986	0.000127849
363	0.000573822	0.00012944
364	0.00057269	0.000130228
365	0.000556845	0.000124148
366	0.000568163	0.00012851
367	0.000576651	0.000134933
368	0.000586837	0.000138496
369	0.000578915	0.000139021
370	0.000576085	0.000141625
371	0.00057269	0.000138444
372	0.000567031	0.000135646
373	0.000567597	0.000134308
374	0.000574953	0.000137119
375	0.000575519	0.000139354
376	0.000565333	0.000137916
377	0.000544961	0.000136748
378	0.000556845	0.000139249
379	0.000554581	0.000140289
380	0.000560806	0.000141385
381	0.000566465	0.000144652
382	0.000561938	0.000143016
383	0.000558542	0.000140633
384	0.000541565	0.000134512
385	0.00053817	0.000135223
386	0.000531945	0.000137783
387	0.00053817	0.000140269
388	0.00053534	0.000140458
389	0.000517232	0.000135687
390	0.000517798	0.000136105
391	0.000522891	0.000135871
392	0.000516666	0.000133346
393	0.000497425	0.000127872
394	0.000499123	0.000128647
395	0.000492898	0.000129213
396	0.000497991	0.000132603
397	0.00051327	0.000139311
398	0.000490068	0.000131656
399	0.000480448	0.000132201
400	0.000489503	0.000134023
401	0.000478185	0.000132721
402	0.000466867	0.000129131
403	0.000465735	0.000127952
404	0.000474223	0.000134617
405	0.000474789	0.000135708
406	0.000464037	0.00013526
407	0.000468564	0.000133539
408	0.000450456	0.000131128
409	0.000441401	0.000129055
410	0.000428385	0.000122532
411	0.000432347	0.000124559
412	0.000425556	0.000119715
413	0.000414804	0.000116581
414	0.000430083	0.000119565
415	0.000418199	0.000117303
416	0.000417068	0.000119455
417	0.000414804	0.000118576
418	0.000422726	0.000122548
419	0.000419897	0.000121073
420	0.0003933	0.000114629
421	0.000421029	0.000119666
422	0.000417068	0.000121027
423	0.000419331	0.00012158
424	0.000408013	0.000119004
425	0.000423292	0.000124192
426	0.000410843	0.000121517
427	0.000424424	0.000126264
428	0.00041254	0.00012324
429	0.000422726	0.000124213
430	0.000409711	0.000123554
431	0.000435742	0.000131738
432	0.000428385	0.000132284
433	0.000432913	0.0001333
434	0.000417633	0.00012652
435	0.000416502	0.000126553
436	0.000411974	0.000122288
437	0.000397827	0.000116252
438	0.000409711	0.000120742
439	0.000401222	0.000116254
440	0.00040575	0.000119697
441	0.000408013	0.000122421
442	0.000403486	0.00011932
443	0.000406315	0.000121471
444	0.000404618	0.000122005
445	0.000382548	0.000115393
446	0.000386509	0.000117199
447	0.000391036	0.000114643
448	0.000397261	0.00012001
449	0.00040292	0.000121562
450	0.00040575	0.000123089
451	0.000400656	0.000120901
452	0.000397827	0.000117671
453	0.000403486	0.000116727
454	0.000401222	0.000115981
455	0.000397261	0.000113918
456	0.000404618	0.000117414
457	0.000405184	0.00012008
458	0.000399525	0.000118589
459	0.000392734	0.000117493
460	0.000400091	0.000120374
461	0.000399525	0.000119491
462	0.000396129	0.00012036
463	0.00040292	0.000121814
464	0.000400656	0.000122673
465	0.00039047	0.000116232
466	0.00040575	0.000120594
467	0.000417633	0.000123812
468	0.000407447	0.000122026
469	0.000413672	0.000122432
470	0.000407447	0.000119145
471	0.000407447	0.000118576
472	0.000380284	0.000110373
473	0.000380284	0.000112054
474	0.000389338	0.000116404
475	0.000389338	0.000114869
476	0.00039047	0.000116782
477	0.000379152	0.00011472
478	0.000370098	0.000116087
479	0.000367834	0.000115372
480	0.000376323	0.000116618
481	0.000376323	0.000116635
482	0.000376323	0.000115091
483	0.000385943	0.00011653
484	0.000388207	0.000119033
485	0.000379152	0.000115493
486	0.000374059	0.000114845
487	0.000342369	0.000104917
488	0.000354819	0.000109675
489	0.000354253	0.000109308
490	0.000354253	0.000108968
491	0.00035595	0.000108461
492	0.000355385	0.000109434
493	0.000353121	0.000107847
494	0.000335578	0.000103629
495	0.000343501	0.000104675
496	0.000349726	0.000106468
497	0.000351989	0.000105425
498	0.000369532	0.000110924
499	0.000369532	0.000111514
500	0.000363307	0.000110332
501	0.000362175	0.000111176
502	0.000360478	0.000111848
503	0.000364439	0.000110634
504	0.000364439	0.000109352
505	0.000363873	0.000108714
506	0.000376889	0.000112808
507	0.000378586	0.00011454
508	0.000381982	0.000115772
509	0.000366137	0.000110412
510	0.000375191	0.000113561
511	0.000374625	0.000115109
512	0.00035878	0.000109679
513	0.000353121	0.0001086
514	0.000357082	0.00011055
515	0.000360478	0.000111709
516	0.000337276	0.000106985
517	0.000346896	0.000108733
518	0.000348028	0.000108189
519	0.000358214	0.0001132
520	0.000363307	0.00011453
521	0.000362741	0.000113074
522	0.000353687	0.000109361
523	0.000363873	0.000117549
524	0.000368966	0.000120012
525	0.000371796	0.000120565
526	0.000363873	0.000116765
527	0.000357648	0.000114269
528	0.000349726	0.000112225
529	0.000353121	0.000114589
530	0.000354253	0.000113061
531	0.000342935	0.000108277
532	0.00034916	0.000112762
533	0.00034916	0.000112132
534	0.00034916	0.000110619
535	0.000350857	0.00011082
536	0.000350857	0.000110697
537	0.000352555	0.000111617
538	0.000344067	0.000108032
539	0.000340105	0.0001085
540	0.000337276	0.000108442
541	0.000330485	0.000105296
542	0.000321431	0.000103218
543	0.000337276	0.000109847
544	0.000338973	0.000111183
545	0.000330485	0.000110164
546	0.000323128	0.000108392
547	0.000326524	0.000111405
548	0.000345198	0.000116602
549	0.000348594	0.000115002
550	0.00035595	0.000116762
551	0.000368966	0.000119758
552	0.000365005	0.00012053
553	0.000366703	0.000122582
554	0.000362741	0.000122172
555	0.000351989	0.000119588
556	0.000346896	0.000117817
557	0.000365571	0.00012226
558	0.000378586	0.000125766
559	0.000381416	0.000128186
560	0.000386509	0.000127456
561	0.000379152	0.000124878
562	0.000384811	0.000127664
563	0.00038085	0.00012674
564	0.000382548	0.000127301
565	0.000385377	0.000127503
566	0.000382548	0.00012957
567	0.000384245	0.000127398
568	0.000387075	0.000130967
569	0.000386509	0.00013195
570	0.000397261	0.000137701
571	0.000392734	0.000134617
572	0.000396129	0.000132549
573	0.000387641	0.00012846
574	0.000391036	0.000129817
575	0.000411409	0.000134073
576	0.000413106	0.000136316
577	0.000411974	0.000136656
578	0.000418765	0.000136642
579	0.000415936	0.000136178
580	0.000410277	0.00013586
581	0.000419331	0.000137115
582	0.000438572	0.000143988
583	0.000430083	0.00014229
584	0.000410277	0.000136021
585	0.000418199	0.000138214
586	0.000416502	0.000137413
587	0.000401222	0.000130766
588	0.000401222	0.000129912
589	0.000398959	0.000130395
590	0.0003933	0.000130057
591	0.000381982	0.000129748
592	0.000396129	0.000135685
593	0.000394432	0.000135031
594	0.000396129	0.000136225
595	0.000387075	0.000136359
596	0.000391036	0.000134721
597	0.000373493	0.000131577
598	0.000378586	0.000135151
599	0.000384245	0.000136358
600	0.000381982	0.000140105
601	0.000388773	0.000139604
602	0.000378586	0.000137392
603	0.000376889	0.000135014
604	0.000381416	0.000135724
605	0.000376323	0.000136074
606	0.000384245	0.000137358
607	0.000375757	0.000134486
608	0.000376889	0.000134999
609	0.000373493	0.000135126
610	0.000372927	0.000135444
611	0.000363873	0.000131265
612	0.000357082	0.000129197
613	0.000359912	0.000129206
614	0.000354253	0.000127292
615	0.000364439	0.000132108
616	0.000359912	0.000129412
617	0.000374625	0.000133667
618	0.0003684	0.000131541
619	0.000363307	0.000130546
620	0.000346896	0.000124122
621	0.000331617	0.000117176
622	0.000329919	0.000117917
623	0.000335578	0.00011856
624	0.000312942	0.000110468
625	0.000319167	0.000114208
626	0.000319733	0.000111893
627	0.000325392	0.000112746
628	0.000317469	0.000110276
629	0.000306151	0.000107994
630	0.000295965	0.000103914
631	0.00028974	0.00010186
632	0.000309547	0.000106911
633	0.000298229	0.00010388
634	0.000284647	9.96545e-05
635	0.000286911	9.75676e-05
636	0.000290306	9.80055e-05
637	0.000286911	9.5747e-05
638	0.000296531	9.93804e-05
639	0.000298795	9.96987e-05
640	0.000311244	0.00010552
641	0.00030219	0.000102151
642	0.00030219	0.00010078
643	0.000301624	0.000100197
644	0.000287477	9.54473e-05
645	0.000280686	9.32608e-05
646	0.00028012	9.42457e-05
647	0.000272197	9.17318e-05
648	0.000269368	9.08189e-05
649	0.000262577	8.82846e-05
650	0.000263709	8.81038e-05
651	0.00025805	8.73298e-05
652	0.000265407	9.00124e-05
653	0.000266538	9.0151e-05
654	0.000259748	8.72474e-05
655	0.000261445	8.88408e-05
656	0.000249561	8.62293e-05
657	0.000259748	8.97944e-05
658	0.000243337	8.34436e-05
659	0.000258616	8.95786e-05
660	0.000257484	8.98422e-05
661	0.000257484	8.74336e-05
662	0.000254089	8.66611e-05
663	0.000251825	8.40611e-05
664	0.000254655	8.48238e-05
665	0.000253523	8.48352e-05
666	0.000260879	8.84032e-05
667	0.000260314	8.75247e-05
668	0.000265407	9.01381e-05
669	0.000251825	8.65337e-05
670	0.000249561	8.56647e-05
671	0.000239941	8.21922e-05
672	0.000224662	7.81879e-05
673	0.00022636	7.93523e-05
674	0.00022353	7.95289e-05
675	0.000222964	7.79989e-05
676	0.000219569	7.37854e-05
677	0.000227491	7.65808e-05
678	0.000219569	7.34911e-05
679	0.000215607	7.47887e-05
680	0.000221832	7.65372e-05
681	0.000219569	7.69486e-05
682	0.000214476	7.62562e-05
683	0.000204855	7.24471e-05
684	0.000195235	6.95196e-05
685	0.000200894	7.02418e-05
686	0.000202592	7.01349e-05
687	0.000206553	7.24721e-05
688	0.000208817	7.34181e-05
689	0.000208817	7.08896e-05
690	0.00022353	7.65951e-05
691	0.000230321	7.87067e-05
692	0.000231453	7.88005e-05
693	0.000224662	7.65321e-05
694	0.000222398	7.67423e-05
695	0.000230321	7.91942e-05
696	0.000225228	7.92462e-05
697	0.000226925	8.05479e-05
698	0.000224096	7.99975e-05
699	0.000225228	7.9095e-05
700	0.000234848	8.27267e-05
701	0.000239375	8.54899e-05
702	0.000243902	8.87676e-05
703	0.00025522	9.28457e-05
704	0.0002456	8.87622e-05
705	0.000241073	8.70526e-05
706	0.0002456	8.87877e-05
707	0.000245034	8.93935e-05
708	0.00023315	8.59293e-05
709	0.000236546	8.57224e-05
710	0.000239375	8.83408e-05
711	0.000240507	8.73781e-05
712	0.000243337	8.94927e-05
713	0.000233716	8.54816e-05
714	0.000238809	8.90473e-05
715	0.000234848	8.61215e-05
716	0.000220701	8.2402e-05
717	0.000212212	8.0165e-05
718	0.000216739	8.03209e-05
719	0.000220701	8.01493e-05
720	0.000215042	8.00059e-05
721	0.000221832	8.32113e-05
722	0.000217305	8.12007e-05
723	0.000221266	8.27452e-05
724	0.000224662	8.33969e-05
725	0.00021108	7.77956e-05
726	0.000220701	7.98785e-05
727	0.000220135	8.02316e-05
728	0.000222398	7.97802e-05
729	0.000228057	8.26879e-05
730	0.000225794	8.16805e-05
731	0.000227491	8.17299e-05
732	0.000228623	8.25958e-05
733	0.000228623	8.41093e-05
734	0.000225228	8.14126e-05
735	0.000230321	8.42451e-05
736	0.00023315	8.48383e-05
737	0.000238243	8.66454e-05
738	0.000222398	8.28513e-05
739	0.000225228	8.36352e-05
740	0.000234282	8.60675e-05
741	0.000234848	8.63091e-05
742	0.000233716	8.67214e-05
743	0.000222398	8.3493e-05
744	0.000217305	8.07173e-05
745	0.000216173	8.02174e-05
746	0.000208817	7.85027e-05
747	0.000212212	7.85343e-05
748	0.000200328	7.33331e-05
749	0.000190708	7.1017e-05
750	0.000192406	7.29598e-05
751	0.000195235	7.34651e-05
752	0.000189576	7.13883e-05
753	0.000195801	7.54464e-05
754	0.000183917	7.00342e-05
755	0.000187878	7.04143e-05
756	0.000194669	7.26368e-05
757	0.00018901	7.1374e-05
758	0.00018901	7.08052e-05
759	0.000182785	6.80499e-05
760	0.000181654	6.83556e-05
761	0.00017656	6.68579e-05
762	0.000178824	6.95678e-05
763	0.000185049	6.92141e-05
764	0.000184483	6.87911e-05
765	0.000187878	7.14042e-05
766	0.000183351	7.15003e-05
767	0.000175995	6.63655e-05
768	0.000171467	6.34836e-05
769	0.000182785	6.64141e-05
770	0.000190708	7.03259e-05
771	0.000194103	7.08693e-05
772	0.000198631	7.38433e-05
773	0.000185049	7.13043e-05
774	0.000179956	6.89731e-05
775	0.000182219	6.89647e-05
776	0.000172033	6.37605e-05
777	0.000170336	6.34277e-05
778	0.000173165	6.6846e-05
779	0.000183917	7.11841e-05
780	0.000186747	7.34304e-05
781	0.000177126	6.9507e-05
782	0.000177692	6.88306e-05
783	0.000164111	6.4825e-05
784	0.000166374	6.64723e-05
785	0.000177692	7.08682e-05
786	0.000183351	7.35432e-05
787	0.000185049	7.38011e-05
788	0.000178258	7.1411e-05
789	0.000173731	7.18304e-05
790	0.000185049	7.69258e-05
791	0.000171467	7.07834e-05
792	0.000184483	7.81224e-05
793	0.000186181	7.98047e-05
794	0.000182219	7.79606e-05
795	0.000178824	7.72358e-05
796	0.000174863	7.50194e-05
797	0.000175995	7.66986e-05
798	0.000166374	7.21072e-05
799	0.000156754	6.73523e-05
800	0.000168072	7.36238e-05
801	0.00016977	7.68381e-05
802	0.000172033	7.59613e-05
803	0.00016977	7.52557e-05
804	0.000170336	7.46233e-05
805	0.000168638	7.27732e-05
806	0.000175995	7.44515e-05
807	0.000172599	7.35311e-05
808	0.000174297	7.58196e-05
809	0.000183351	8.05424e-05
810	0.000175995	7.61781e-05
811	0.000177126	7.7093e-05
812	0.000182219	8.07087e-05
813	0.000183351	8.10748e-05
814	0.000180522	8.20566e-05
815	0.000181088	8.21917e-05
816	0.000186747	8.32922e-05
817	0.000191274	8.35802e-05
818	0.000192972	8.29872e-05
819	0.000190142	8.10724e-05
820	0.000186181	8.26599e-05
821	0.000192406	8.63938e-05
822	0.000184483	8.0869e-05
823	0.000199762	8.97777e-05
824	0.000200894	9.22581e-05
825	0.000195801	8.9543e-05
826	0.000189576	8.63877e-05
827	0.000187313	8.66058e-05
828	0.00019184	8.68118e-05
829	0.000190142	8.74526e-05
830	0.000190708	8.93848e-05
831	0.000191274	9.07536e-05
832	0.000190708	9.1311e-05
833	0.00017656	8.53439e-05
834	0.000185615	9.10571e-05
835	0.000178824	8.75273e-05
836	0.000175995	8.53386e-05
837	0.000177692	8.30999e-05
838	0.000180522	8.53227e-05
839	0.000178824	8.26263e-05
840	0.00017939	8.28036e-05
841	0.000181088	8.23569e-05
842	0.000191274	8.7819e-05
843	0.000188444	8.51039e-05
844	0.000182219	8.22727e-05
845	0.000183917	8.45216e-05
846	0.000186181	8.59708e-05
847	0.000196367	9.16851e-05
848	0.000198065	9.28666e-05
849	0.000187878	8.59617e-05
850	0.000203158	9.34278e-05
851	0.000196367	9.21356e-05
852	0.000184483	8.79657e-05
853	0.000185615	8.96754e-05
854	0.000178258	8.91628e-05
855	0.000174297	8.83072e-05
856	0.000180522	9.1922e-05
857	0.000180522	8.99297e-05
858	0.000186747	9.27376e-05
859	0.000178258	8.67204e-05
860	0.000180522	8.6055e-05
861	0.000168072	8.24842e-05
862	0.000172599	8.23701e-05
863	0.000167506	8.10061e-05
864	0.000165808	7.93737e-05
865	0.000160149	7.53118e-05
866	0.000159583	7.7385e-05
867	0.000156754	7.41465e-05
868	0.000153925	7.52131e-05
869	0.000166374	7.8672e-05
870	0.000166374	8.00254e-05
871	0.000173165	8.40743e-05
872	0.000177126	8.6602e-05
873	0.00017939	8.93899e-05
874	0.000172599	8.52494e-05
875	0.000170901	8.45124e-05
876	0.00016694	8.29844e-05
877	0.000158452	7.71238e-05
878	0.000161847	7.95031e-05
879	0.000166374	8.11294e-05
880	0.000168638	8.46424e-05
881	0.00016977	8.58906e-05
882	0.000173731	9.34075e-05
883	0.000174863	9.06049e-05
884	0.000174297	8.8895e-05
885	0.000173731	9.01939e-05
886	0.000187313	9.36063e-05
887	0.000182219	9.20306e-05
888	0.000177126	9.01559e-05
889	0.00017656	8.98491e-05
890	0.000173165	8.8717e-05
891	0.000178258	9.28418e-05
892	0.000170901	8.89979e-05
893	0.000182785	9.48734e-05
894	0.000179956	9.25906e-05
895	0.000177692	9.06046e-05
896	0.000187878	9.50812e-05
897	0.000192406	9.80826e-05
898	0.00019184	9.99153e-05
899	0.000192406	9.75733e-05
900	0.000177126	9.04246e-05
901	0.000182219	9.48861e-05
902	0.000181654	9.53985e-05
903	0.000195801	0.000101002
904	0.000186181	9.56795e-05
905	0.000182219	9.24164e-05
906	0.000174863	8.81144e-05
907	0.000166374	8.5792e-05
908	0.000168638	8.65994e-05
909	0.000174297	8.89241e-05
910	0.000173731	8.84484e-05
911	0.000174863	8.82061e-05
912	0.000168072	8.47397e-05
913	0.00017939	8.96212e-05
914	0.000180522	9.17459e-05
915	0.000174863	8.64166e-05
916	0.000174297	8.56556e-05
917	0.000183917	8.96115e-05
918	0.000166374	8.15192e-05
919	0.000172033	8.37432e-05
920	0.00016977	8.18565e-05
921	0.000168638	7.90786e-05
922	0.000170901	8.36003e-05
923	0.000172033	8.13249e-05
924	0.000170901	7.88697e-05
925	0.000170901	7.78833e-05
926	0.00016977	7.6399e-05
927	0.00016977	7.526e-05
928	0.000163545	7.36609e-05
929	0.000168072	7.44496e-05
930	0.000161847	7.04103e-05
931	0.000151661	6.54625e-05
932	0.000162979	7.17134e-05
933	0.00016694	7.20693e-05
934	0.000175995	7.49365e-05
935	0.000168072	7.06096e-05
936	0.000167506	7.11593e-05
937	0.000163545	6.84104e-05
938	0.000161847	6.73051e-05
939	0.000161847	6.71897e-05
940	0.00016977	7.00048e-05
941	0.000162979	6.70801e-05
942	0.000165808	6.80471e-05
943	0.000161281	6.82944e-05
944	0.000165242	6.97394e-05
945	0.00015732	6.76529e-05
946	0.000153359	6.42325e-05
947	0.000157886	6.73689e-05
948	0.000162979	7.1781e-05
949	0.000164111	7.26465e-05
950	0.000166374	7.1499e-05
951	0.000169204	7.32054e-05
952	0.000179956	7.82827e-05
953	0.00019184	8.38126e-05
954	0.000180522	7.5777e-05
955	0.000183351	7.70446e-05
956	0.00017939	7.60385e-05
957	0.000174863	7.34375e-05
958	0.000177126	7.51682e-05
959	0.00017939	7.52775e-05
960	0.000169204	6.90158e-05
961	0.000172033	6.95733e-05
962	0.000168638	6.84534e-05
963	0.000165808	6.66591e-05
964	0.000165242	6.68356e-05
965	0.000175995	7.15355e-05
966	0.000181654	7.50288e-05
967	0.000183917	7.57458e-05
968	0.000180522	7.37916e-05
969	0.000174297	7.16475e-05
970	0.000172599	7.13928e-05
971	0.000175429	7.31877e-05
972	0.000175995	7.49754e-05
973	0.000177126	7.6041e-05
974	0.000172599	7.32181e-05
975	0.000175429	7.42583e-05
976	0.000175429	7.4697e-05
977	0.000175995	7.52123e-05
978	0.000169204	7.1872e-05
979	0.000168072	7.19393e-05
980	0.000166374	7.10451e-05
981	0.000157886	6.86672e-05
982	0.000171467	7.55665e-05
983	0.000163545	7.22733e-05
984	0.000157886	7.0292e-05
985	0.000159018	7.03904e-05
986	0.000164677	7.29912e-05
987	0.000164111	7.21147e-05
988	0.000166374	7.25588e-05
989	0.000168638	7.45257e-05
990	0.000158452	6.97594e-05
991	0.000160149	7.17394e-05
992	0.000151661	6.71842e-05
993	0.0001477	6.51257e-05
994	0.0001477	6.62631e-05
995	0.000148831	6.67532e-05
996	0.000149963	6.90106e-05
997	0.000152793	7.14477e-05
998	0.000149397	6.94644e-05
999	0.000147134	6.92475e-05
1000	0.000148266	7.03357e-05
